Mean Noise Amplitude <length scales>
-----------ALL SAMPLES-------------
-1.9994392136266765 2.2677991287460735 1.8199227652319185 0.8978699195721023 1.3324304826177347 1.9265990399331445 
-2.094787459334178 0.48511618307754434 1.249700326817254 0.8461845083668691 0.14114105254484177 0.9631282875022265 
-2.059640513768414 0.36781261852802355 1.3205328705896704 1.0349251347268151 0.13838485711298268 0.9028238461164428 
-3.0058304866570102 1.0270988516593416 1.3613525474769503 0.4352624840197261 1.8533508554662554 1.3162952613992274 
-4.438900863429817 0.3988906624150672 1.6788440575381003 0.34120901575125695 0.4021707445445575 1.5399853231588283 
-4.424714962871502 0.33524149124179914 1.7063975122260056 0.004795528923987935 1.3677152446180831 1.8261909129655471 
-4.52787450154246 0.3196549382975463 1.6147978733466222 0.586609249813349 1.3274390207874602 1.677998157506587 
-4.302681171659521 0.30058597155685707 0.9430603072500628 0.01993244276184236 0.6241929991648023 1.5884795915180008 
-2.9134763637638037 0.07811152254867251 2.4357491026456746 0.05593243018072214 1.2068399982331965 0.7978883529326166 
-2.8220919732571157 0.1924962515577909 2.104064643460083 0.6607017154742164 1.7336843182991215 1.8857771727322565 
-----------MEAN OF SAMPLES-------------
-3.25894375099105 0.5772807619628717 1.6234422006582343 0.4883422429590888 1.0127349573389037 1.442516594576488 
